##TITLE= /PvMEG/exp/stan/nmr/lists/converted/mao
##JCAMP-DX= 5.00 Bruker JCAMP library
##DATA TYPE= Shape Data
##ORIGIN= Bruker Analytik GmbH
##OWNER= <mawi>
##DATE= 101/09/20
##TIME= 15:32:57
##MINX= 1.482373e-02
##MAXX= 1.000000e+02
##MINY= 0.000000e+00
##MAXY= 1.800000e+02
##$SHAPE_EXMODE= Refocussing
##$SHAPE_TOTROT= 180.000000e+00
##$SHAPE_BWFAC= 6.210000e+00
##$SHAPE_INTEGFAC= 9.172682e-02
##$SHAPE_REPHFAC=0
##$SHAPE_TYPE=conventional
##$SHAPE_MODE= 0
##NPOINTS= 1024
##XYPOINTS= (XY..XY)
2.333139e+00, 1.800000e+02
2.338656e+00, 1.800000e+02
2.346705e+00, 1.800000e+02
2.357262e+00, 1.800000e+02
2.370284e+00, 1.800000e+02
2.385710e+00, 1.800000e+02
2.403459e+00, 1.800000e+02
2.423433e+00, 1.800000e+02
2.445517e+00, 1.800000e+02
2.469577e+00, 1.800000e+02
2.495468e+00, 1.800000e+02
2.523029e+00, 1.800000e+02
2.552085e+00, 1.800000e+02
2.582451e+00, 1.800000e+02
2.613932e+00, 1.800000e+02
2.646325e+00, 1.800000e+02
2.679420e+00, 1.800000e+02
2.713003e+00, 1.800000e+02
2.746856e+00, 1.800000e+02
2.780760e+00, 1.800000e+02
2.814495e+00, 1.800000e+02
2.847847e+00, 1.800000e+02
2.880601e+00, 1.800000e+02
2.912551e+00, 1.800000e+02
2.943498e+00, 1.800000e+02
2.973249e+00, 1.800000e+02
3.001624e+00, 1.800000e+02
3.028453e+00, 1.800000e+02
3.053577e+00, 1.800000e+02
3.076852e+00, 1.800000e+02
3.098149e+00, 1.800000e+02
3.117353e+00, 1.800000e+02
3.134364e+00, 1.800000e+02
3.149099e+00, 1.800000e+02
3.161489e+00, 1.800000e+02
3.171484e+00, 1.800000e+02
3.179049e+00, 1.800000e+02
3.184164e+00, 1.800000e+02
3.186823e+00, 1.800000e+02
3.187039e+00, 1.800000e+02
3.184834e+00, 1.800000e+02
3.180246e+00, 1.800000e+02
3.173325e+00, 1.800000e+02
3.164131e+00, 1.800000e+02
3.152735e+00, 1.800000e+02
3.139216e+00, 1.800000e+02
3.123660e+00, 1.800000e+02
3.106160e+00, 1.800000e+02
3.086813e+00, 1.800000e+02
3.065720e+00, 1.800000e+02
3.042984e+00, 1.800000e+02
3.018708e+00, 1.800000e+02
2.992994e+00, 1.800000e+02
2.965944e+00, 1.800000e+02
2.937656e+00, 1.800000e+02
2.908222e+00, 1.800000e+02
2.877732e+00, 1.800000e+02
2.846268e+00, 1.800000e+02
2.813905e+00, 1.800000e+02
2.780711e+00, 1.800000e+02
2.746745e+00, 1.800000e+02
2.712060e+00, 1.800000e+02
2.676695e+00, 1.800000e+02
2.640685e+00, 1.800000e+02
2.604052e+00, 1.800000e+02
2.566810e+00, 1.800000e+02
2.528964e+00, 1.800000e+02
2.490509e+00, 1.800000e+02
2.451433e+00, 1.800000e+02
2.411715e+00, 1.800000e+02
2.371326e+00, 1.800000e+02
2.330230e+00, 1.800000e+02
2.288387e+00, 1.800000e+02
2.245749e+00, 1.800000e+02
2.202263e+00, 1.800000e+02
2.157876e+00, 1.800000e+02
2.112529e+00, 1.800000e+02
2.066161e+00, 1.800000e+02
2.018713e+00, 1.800000e+02
1.970122e+00, 1.800000e+02
1.920329e+00, 1.800000e+02
1.869276e+00, 1.800000e+02
1.816909e+00, 1.800000e+02
1.763174e+00, 1.800000e+02
1.708026e+00, 1.800000e+02
1.651422e+00, 1.800000e+02
1.593326e+00, 1.800000e+02
1.533708e+00, 1.800000e+02
1.472545e+00, 1.800000e+02
1.409823e+00, 1.800000e+02
1.345534e+00, 1.800000e+02
1.279680e+00, 1.800000e+02
1.212269e+00, 1.800000e+02
1.143323e+00, 1.800000e+02
1.072868e+00, 1.800000e+02
1.000942e+00, 1.800000e+02
9.275943e-01, 1.800000e+02
8.528832e-01, 1.800000e+02
7.768790e-01, 1.800000e+02
6.996647e-01, 1.800000e+02
6.213378e-01, 1.800000e+02
5.420138e-01, 1.800000e+02
4.618308e-01, 1.800000e+02
3.809591e-01, 1.800000e+02
2.996181e-01, 1.800000e+02
2.181132e-01, 1.800000e+02
1.369287e-01, 1.800000e+02
5.706600e-02, 1.800000e+02
1.713782e-02, 0.000000e+00
9.664990e-02, 0.000000e+00
1.808750e-01, 0.000000e+00
2.679850e-01, 0.000000e+00
3.573498e-01, 0.000000e+00
4.486215e-01, 0.000000e+00
5.415685e-01, 0.000000e+00
6.360191e-01, 0.000000e+00
7.318380e-01, 0.000000e+00
8.289140e-01, 0.000000e+00
9.271527e-01, 0.000000e+00
1.026473e+00, 0.000000e+00
1.126803e+00, 0.000000e+00
1.228081e+00, 0.000000e+00
1.330251e+00, 0.000000e+00
1.433263e+00, 0.000000e+00
1.537073e+00, 0.000000e+00
1.641641e+00, 0.000000e+00
1.746930e+00, 0.000000e+00
1.852907e+00, 0.000000e+00
1.959541e+00, 0.000000e+00
2.066802e+00, 0.000000e+00
2.174663e+00, 0.000000e+00
2.283095e+00, 0.000000e+00
2.392071e+00, 0.000000e+00
2.501564e+00, 0.000000e+00
2.611544e+00, 0.000000e+00
2.721981e+00, 0.000000e+00
2.832842e+00, 0.000000e+00
2.944091e+00, 0.000000e+00
3.055691e+00, 0.000000e+00
3.167599e+00, 0.000000e+00
3.279772e+00, 0.000000e+00
3.392159e+00, 0.000000e+00
3.504708e+00, 0.000000e+00
3.617362e+00, 0.000000e+00
3.730057e+00, 0.000000e+00
3.842729e+00, 0.000000e+00
3.955305e+00, 0.000000e+00
4.067712e+00, 0.000000e+00
4.179869e+00, 0.000000e+00
4.291692e+00, 0.000000e+00
4.403095e+00, 0.000000e+00
4.513985e+00, 0.000000e+00
4.624269e+00, 0.000000e+00
4.733850e+00, 0.000000e+00
4.842628e+00, 0.000000e+00
4.950500e+00, 0.000000e+00
5.057363e+00, 0.000000e+00
5.163114e+00, 0.000000e+00
5.267645e+00, 0.000000e+00
5.370853e+00, 0.000000e+00
5.472631e+00, 0.000000e+00
5.572876e+00, 0.000000e+00
5.671485e+00, 0.000000e+00
5.768357e+00, 0.000000e+00
5.863391e+00, 0.000000e+00
5.956494e+00, 0.000000e+00
6.047570e+00, 0.000000e+00
6.136530e+00, 0.000000e+00
6.223288e+00, 0.000000e+00
6.307759e+00, 0.000000e+00
6.389867e+00, 0.000000e+00
6.469536e+00, 0.000000e+00
6.546697e+00, 0.000000e+00
6.621283e+00, 0.000000e+00
6.693233e+00, 0.000000e+00
6.762490e+00, 0.000000e+00
6.829000e+00, 0.000000e+00
6.892715e+00, 0.000000e+00
6.953589e+00, 0.000000e+00
7.011582e+00, 0.000000e+00
7.066653e+00, 0.000000e+00
7.118768e+00, 0.000000e+00
7.167896e+00, 0.000000e+00
7.214005e+00, 0.000000e+00
7.257068e+00, 0.000000e+00
7.297059e+00, 0.000000e+00
7.333951e+00, 0.000000e+00
7.367723e+00, 0.000000e+00
7.398351e+00, 0.000000e+00
7.425811e+00, 0.000000e+00
7.450081e+00, 0.000000e+00
7.471138e+00, 0.000000e+00
7.488958e+00, 0.000000e+00
7.503517e+00, 0.000000e+00
7.514788e+00, 0.000000e+00
7.522747e+00, 0.000000e+00
7.527363e+00, 0.000000e+00
7.528610e+00, 0.000000e+00
7.526456e+00, 0.000000e+00
7.520868e+00, 0.000000e+00
7.511814e+00, 0.000000e+00
7.499259e+00, 0.000000e+00
7.483167e+00, 0.000000e+00
7.463503e+00, 0.000000e+00
7.440228e+00, 0.000000e+00
7.413305e+00, 0.000000e+00
7.382695e+00, 0.000000e+00
7.348361e+00, 0.000000e+00
7.310266e+00, 0.000000e+00
7.268371e+00, 0.000000e+00
7.222642e+00, 0.000000e+00
7.173044e+00, 0.000000e+00
7.119545e+00, 0.000000e+00
7.062115e+00, 0.000000e+00
7.000725e+00, 0.000000e+00
6.935351e+00, 0.000000e+00
6.865971e+00, 0.000000e+00
6.792567e+00, 0.000000e+00
6.715124e+00, 0.000000e+00
6.633633e+00, 0.000000e+00
6.548087e+00, 0.000000e+00
6.458484e+00, 0.000000e+00
6.364828e+00, 0.000000e+00
6.267128e+00, 0.000000e+00
6.165395e+00, 0.000000e+00
6.059649e+00, 0.000000e+00
5.949910e+00, 0.000000e+00
5.836209e+00, 0.000000e+00
5.718577e+00, 0.000000e+00
5.597052e+00, 0.000000e+00
5.471677e+00, 0.000000e+00
5.342498e+00, 0.000000e+00
5.209568e+00, 0.000000e+00
5.072941e+00, 0.000000e+00
4.932678e+00, 0.000000e+00
4.788842e+00, 0.000000e+00
4.641502e+00, 0.000000e+00
4.490728e+00, 0.000000e+00
4.336596e+00, 0.000000e+00
4.179181e+00, 0.000000e+00
4.018566e+00, 0.000000e+00
3.854834e+00, 0.000000e+00
3.688072e+00, 0.000000e+00
3.518372e+00, 0.000000e+00
3.345825e+00, 0.000000e+00
3.170529e+00, 0.000000e+00
2.992585e+00, 0.000000e+00
2.812099e+00, 0.000000e+00
2.629180e+00, 0.000000e+00
2.443946e+00, 0.000000e+00
2.256523e+00, 0.000000e+00
2.067045e+00, 0.000000e+00
1.875662e+00, 0.000000e+00
1.682539e+00, 0.000000e+00
1.487865e+00, 0.000000e+00
1.291862e+00, 0.000000e+00
1.094799e+00, 0.000000e+00
8.970172e-01, 0.000000e+00
6.989787e-01, 0.000000e+00
5.013635e-01, 0.000000e+00
3.053295e-01, 0.000000e+00
1.135168e-01, 0.000000e+00
6.435065e-02, 1.800000e+02
2.574147e-01, 1.800000e+02
4.605234e-01, 1.800000e+02
6.701253e-01, 1.800000e+02
8.849083e-01, 1.800000e+02
1.104152e+00, 1.800000e+02
1.327385e+00, 1.800000e+02
1.554264e+00, 1.800000e+02
1.784519e+00, 1.800000e+02
2.017926e+00, 1.800000e+02
2.254292e+00, 1.800000e+02
2.493440e+00, 1.800000e+02
2.735210e+00, 1.800000e+02
2.979450e+00, 1.800000e+02
3.226012e+00, 1.800000e+02
3.474756e+00, 1.800000e+02
3.725538e+00, 1.800000e+02
3.978222e+00, 1.800000e+02
4.232667e+00, 1.800000e+02
4.488733e+00, 1.800000e+02
4.746281e+00, 1.800000e+02
5.005168e+00, 1.800000e+02
5.265252e+00, 1.800000e+02
5.526387e+00, 1.800000e+02
5.788428e+00, 1.800000e+02
6.051228e+00, 1.800000e+02
6.314636e+00, 1.800000e+02
6.578504e+00, 1.800000e+02
6.842681e+00, 1.800000e+02
7.107014e+00, 1.800000e+02
7.371350e+00, 1.800000e+02
7.635537e+00, 1.800000e+02
7.899422e+00, 1.800000e+02
8.162851e+00, 1.800000e+02
8.425672e+00, 1.800000e+02
8.687731e+00, 1.800000e+02
8.948877e+00, 1.800000e+02
9.208960e+00, 1.800000e+02
9.467828e+00, 1.800000e+02
9.725333e+00, 1.800000e+02
9.981327e+00, 1.800000e+02
1.023566e+01, 1.800000e+02
1.048820e+01, 1.800000e+02
1.073879e+01, 1.800000e+02
1.098729e+01, 1.800000e+02
1.123355e+01, 1.800000e+02
1.147746e+01, 1.800000e+02
1.171885e+01, 1.800000e+02
1.195759e+01, 1.800000e+02
1.219355e+01, 1.800000e+02
1.242660e+01, 1.800000e+02
1.265659e+01, 1.800000e+02
1.288339e+01, 1.800000e+02
1.310686e+01, 1.800000e+02
1.332688e+01, 1.800000e+02
1.354330e+01, 1.800000e+02
1.375598e+01, 1.800000e+02
1.396480e+01, 1.800000e+02
1.416961e+01, 1.800000e+02
1.437028e+01, 1.800000e+02
1.456665e+01, 1.800000e+02
1.475860e+01, 1.800000e+02
1.494598e+01, 1.800000e+02
1.512864e+01, 1.800000e+02
1.530643e+01, 1.800000e+02
1.547920e+01, 1.800000e+02
1.564680e+01, 1.800000e+02
1.580908e+01, 1.800000e+02
1.596587e+01, 1.800000e+02
1.611703e+01, 1.800000e+02
1.626238e+01, 1.800000e+02
1.640177e+01, 1.800000e+02
1.653503e+01, 1.800000e+02
1.666199e+01, 1.800000e+02
1.678248e+01, 1.800000e+02
1.689634e+01, 1.800000e+02
1.700340e+01, 1.800000e+02
1.710346e+01, 1.800000e+02
1.719638e+01, 1.800000e+02
1.728197e+01, 1.800000e+02
1.736007e+01, 1.800000e+02
1.743049e+01, 1.800000e+02
1.749307e+01, 1.800000e+02
1.754763e+01, 1.800000e+02
1.759401e+01, 1.800000e+02
1.763203e+01, 1.800000e+02
1.766153e+01, 1.800000e+02
1.768234e+01, 1.800000e+02
1.769431e+01, 1.800000e+02
1.769727e+01, 1.800000e+02
1.769106e+01, 1.800000e+02
1.767554e+01, 1.800000e+02
1.765054e+01, 1.800000e+02
1.761593e+01, 1.800000e+02
1.757157e+01, 1.800000e+02
1.751730e+01, 1.800000e+02
1.745300e+01, 1.800000e+02
1.737853e+01, 1.800000e+02
1.729377e+01, 1.800000e+02
1.719860e+01, 1.800000e+02
1.709288e+01, 1.800000e+02
1.697651e+01, 1.800000e+02
1.684938e+01, 1.800000e+02
1.671138e+01, 1.800000e+02
1.656240e+01, 1.800000e+02
1.640234e+01, 1.800000e+02
1.623110e+01, 1.800000e+02
1.604860e+01, 1.800000e+02
1.585474e+01, 1.800000e+02
1.564944e+01, 1.800000e+02
1.543261e+01, 1.800000e+02
1.520417e+01, 1.800000e+02
1.496405e+01, 1.800000e+02
1.471218e+01, 1.800000e+02
1.444849e+01, 1.800000e+02
1.417290e+01, 1.800000e+02
1.388537e+01, 1.800000e+02
1.358583e+01, 1.800000e+02
1.327423e+01, 1.800000e+02
1.295052e+01, 1.800000e+02
1.261466e+01, 1.800000e+02
1.226660e+01, 1.800000e+02
1.190633e+01, 1.800000e+02
1.153381e+01, 1.800000e+02
1.114902e+01, 1.800000e+02
1.075196e+01, 1.800000e+02
1.034263e+01, 1.800000e+02
9.921035e+00, 1.800000e+02
9.487206e+00, 1.800000e+02
9.041182e+00, 1.800000e+02
8.583016e+00, 1.800000e+02
8.112786e+00, 1.800000e+02
7.630592e+00, 1.800000e+02
7.136556e+00, 1.800000e+02
6.630838e+00, 1.800000e+02
6.113636e+00, 1.800000e+02
5.585196e+00, 1.800000e+02
5.045829e+00, 1.800000e+02
4.495924e+00, 1.800000e+02
3.935980e+00, 1.800000e+02
3.366649e+00, 1.800000e+02
2.788810e+00, 1.800000e+02
2.203702e+00, 1.800000e+02
1.613202e+00, 1.800000e+02
1.020522e+00, 1.800000e+02
4.326793e-01, 1.800000e+02
1.182007e-01, 0.000000e+00
7.122756e-01, 0.000000e+00
1.347786e+00, 0.000000e+00
2.011322e+00, 0.000000e+00
2.698634e+00, 0.000000e+00
3.407570e+00, 0.000000e+00
4.136812e+00, 0.000000e+00
4.885465e+00, 0.000000e+00
5.652871e+00, 0.000000e+00
6.438514e+00, 0.000000e+00
7.241976e+00, 0.000000e+00
8.062901e+00, 0.000000e+00
8.900972e+00, 0.000000e+00
9.755906e+00, 0.000000e+00
1.062744e+01, 0.000000e+00
1.151531e+01, 0.000000e+00
1.241929e+01, 0.000000e+00
1.333913e+01, 0.000000e+00
1.427460e+01, 0.000000e+00
1.522546e+01, 0.000000e+00
1.619147e+01, 0.000000e+00
1.717240e+01, 0.000000e+00
1.816798e+01, 0.000000e+00
1.917798e+01, 0.000000e+00
2.020213e+01, 0.000000e+00
2.124017e+01, 0.000000e+00
2.229181e+01, 0.000000e+00
2.335679e+01, 0.000000e+00
2.443480e+01, 0.000000e+00
2.552553e+01, 0.000000e+00
2.662869e+01, 0.000000e+00
2.774394e+01, 0.000000e+00
2.887094e+01, 0.000000e+00
3.000935e+01, 0.000000e+00
3.115880e+01, 0.000000e+00
3.231891e+01, 0.000000e+00
3.348930e+01, 0.000000e+00
3.466955e+01, 0.000000e+00
3.585925e+01, 0.000000e+00
3.705795e+01, 0.000000e+00
3.826519e+01, 0.000000e+00
3.948053e+01, 0.000000e+00
4.070345e+01, 0.000000e+00
4.193344e+01, 0.000000e+00
4.316999e+01, 0.000000e+00
4.441254e+01, 0.000000e+00
4.566053e+01, 0.000000e+00
4.691337e+01, 0.000000e+00
4.817046e+01, 0.000000e+00
4.943115e+01, 0.000000e+00
5.069482e+01, 0.000000e+00
5.196078e+01, 0.000000e+00
5.322835e+01, 0.000000e+00
5.449681e+01, 0.000000e+00
5.576543e+01, 0.000000e+00
5.703347e+01, 0.000000e+00
5.830014e+01, 0.000000e+00
5.956464e+01, 0.000000e+00
6.082618e+01, 0.000000e+00
6.208391e+01, 0.000000e+00
6.333698e+01, 0.000000e+00
6.458453e+01, 0.000000e+00
6.582567e+01, 0.000000e+00
6.705949e+01, 0.000000e+00
6.828508e+01, 0.000000e+00
6.950153e+01, 0.000000e+00
7.070786e+01, 0.000000e+00
7.190312e+01, 0.000000e+00
7.308637e+01, 0.000000e+00
7.425661e+01, 0.000000e+00
7.541287e+01, 0.000000e+00
7.655418e+01, 0.000000e+00
7.767952e+01, 0.000000e+00
7.878790e+01, 0.000000e+00
7.987833e+01, 0.000000e+00
8.094981e+01, 0.000000e+00
8.200136e+01, 0.000000e+00
8.303198e+01, 0.000000e+00
8.404070e+01, 0.000000e+00
8.502652e+01, 0.000000e+00
8.598851e+01, 0.000000e+00
8.692570e+01, 0.000000e+00
8.783715e+01, 0.000000e+00
8.872194e+01, 0.000000e+00
8.957917e+01, 0.000000e+00
9.040794e+01, 0.000000e+00
9.120740e+01, 0.000000e+00
9.197670e+01, 0.000000e+00
9.271500e+01, 0.000000e+00
9.342156e+01, 0.000000e+00
9.409557e+01, 0.000000e+00
9.473631e+01, 0.000000e+00
9.534308e+01, 0.000000e+00
9.591520e+01, 0.000000e+00
9.645203e+01, 0.000000e+00
9.695299e+01, 0.000000e+00
9.741749e+01, 0.000000e+00
9.784502e+01, 0.000000e+00
9.823509e+01, 0.000000e+00
9.858724e+01, 0.000000e+00
9.890108e+01, 0.000000e+00
9.917623e+01, 0.000000e+00
9.941238e+01, 0.000000e+00
9.960925e+01, 0.000000e+00
9.976662e+01, 0.000000e+00
9.988429e+01, 0.000000e+00
9.996211e+01, 0.000000e+00
1.000000e+02, 0.000000e+00
9.999790e+01, 0.000000e+00
9.995581e+01, 0.000000e+00
9.987377e+01, 0.000000e+00
9.975188e+01, 0.000000e+00
9.959027e+01, 0.000000e+00
9.938911e+01, 0.000000e+00
9.914864e+01, 0.000000e+00
9.886913e+01, 0.000000e+00
9.855090e+01, 0.000000e+00
9.819430e+01, 0.000000e+00
9.779975e+01, 0.000000e+00
9.736768e+01, 0.000000e+00
9.689861e+01, 0.000000e+00
9.639302e+01, 0.000000e+00
9.585150e+01, 0.000000e+00
9.527467e+01, 0.000000e+00
9.466316e+01, 0.000000e+00
9.401764e+01, 0.000000e+00
9.333884e+01, 0.000000e+00
9.262749e+01, 0.000000e+00
9.188435e+01, 0.000000e+00
9.111024e+01, 0.000000e+00
9.030599e+01, 0.000000e+00
8.947245e+01, 0.000000e+00
8.861049e+01, 0.000000e+00
8.772102e+01, 0.000000e+00
8.680495e+01, 0.000000e+00
8.586320e+01, 0.000000e+00
8.489677e+01, 0.000000e+00
8.390657e+01, 0.000000e+00
8.289360e+01, 0.000000e+00
8.185883e+01, 0.000000e+00
8.080328e+01, 0.000000e+00
7.972792e+01, 0.000000e+00
7.863377e+01, 0.000000e+00
7.752181e+01, 0.000000e+00
7.639306e+01, 0.000000e+00
7.524851e+01, 0.000000e+00
7.408917e+01, 0.000000e+00
7.291602e+01, 0.000000e+00
7.173003e+01, 0.000000e+00
7.053220e+01, 0.000000e+00
6.932349e+01, 0.000000e+00
6.810484e+01, 0.000000e+00
6.687720e+01, 0.000000e+00
6.564149e+01, 0.000000e+00
6.439864e+01, 0.000000e+00
6.314952e+01, 0.000000e+00
6.189503e+01, 0.000000e+00
6.063602e+01, 0.000000e+00
5.937334e+01, 0.000000e+00
5.810780e+01, 0.000000e+00
5.684022e+01, 0.000000e+00
5.557138e+01, 0.000000e+00
5.430205e+01, 0.000000e+00
5.303296e+01, 0.000000e+00
5.176485e+01, 0.000000e+00
5.049842e+01, 0.000000e+00
4.923436e+01, 0.000000e+00
4.797331e+01, 0.000000e+00
4.671593e+01, 0.000000e+00
4.546284e+01, 0.000000e+00
4.421465e+01, 0.000000e+00
4.297193e+01, 0.000000e+00
4.173526e+01, 0.000000e+00
4.050517e+01, 0.000000e+00
3.928219e+01, 0.000000e+00
3.806685e+01, 0.000000e+00
3.685962e+01, 0.000000e+00
3.566099e+01, 0.000000e+00
3.447141e+01, 0.000000e+00
3.329133e+01, 0.000000e+00
3.212118e+01, 0.000000e+00
3.096137e+01, 0.000000e+00
2.981230e+01, 0.000000e+00
2.867435e+01, 0.000000e+00
2.754791e+01, 0.000000e+00
2.643332e+01, 0.000000e+00
2.533094e+01, 0.000000e+00
2.424110e+01, 0.000000e+00
2.316412e+01, 0.000000e+00
2.210032e+01, 0.000000e+00
2.104999e+01, 0.000000e+00
2.001344e+01, 0.000000e+00
1.899094e+01, 0.000000e+00
1.798276e+01, 0.000000e+00
1.698918e+01, 0.000000e+00
1.601045e+01, 0.000000e+00
1.504681e+01, 0.000000e+00
1.409853e+01, 0.000000e+00
1.316583e+01, 0.000000e+00
1.224896e+01, 0.000000e+00
1.134814e+01, 0.000000e+00
1.046363e+01, 0.000000e+00
9.595658e+00, 0.000000e+00
8.744475e+00, 0.000000e+00
7.910345e+00, 0.000000e+00
7.093549e+00, 0.000000e+00
6.294400e+00, 0.000000e+00
5.513255e+00, 0.000000e+00
4.750535e+00, 0.000000e+00
4.006760e+00, 0.000000e+00
3.282608e+00, 0.000000e+00
2.579010e+00, 0.000000e+00
1.897363e+00, 0.000000e+00
1.240009e+00, 0.000000e+00
6.117883e-01, 0.000000e+00
3.145432e-02, 0.000000e+00
5.237955e-01, 1.800000e+02
1.111072e+00, 1.800000e+02
1.701453e+00, 1.800000e+02
2.288943e+00, 1.800000e+02
2.870649e+00, 1.800000e+02
3.444838e+00, 1.800000e+02
4.010354e+00, 1.800000e+02
4.566370e+00, 1.800000e+02
5.112273e+00, 1.800000e+02
5.647590e+00, 1.800000e+02
6.171949e+00, 1.800000e+02
6.685058e+00, 1.800000e+02
7.186680e+00, 1.800000e+02
7.676628e+00, 1.800000e+02
8.154748e+00, 1.800000e+02
8.620917e+00, 1.800000e+02
9.075042e+00, 1.800000e+02
9.517045e+00, 1.800000e+02
9.946871e+00, 1.800000e+02
1.036448e+01, 1.800000e+02
1.076983e+01, 1.800000e+02
1.116293e+01, 1.800000e+02
1.154375e+01, 1.800000e+02
1.191231e+01, 1.800000e+02
1.226862e+01, 1.800000e+02
1.261269e+01, 1.800000e+02
1.294454e+01, 1.800000e+02
1.326422e+01, 1.800000e+02
1.357176e+01, 1.800000e+02
1.386720e+01, 1.800000e+02
1.415059e+01, 1.800000e+02
1.442198e+01, 1.800000e+02
1.468144e+01, 1.800000e+02
1.492902e+01, 1.800000e+02
1.516479e+01, 1.800000e+02
1.538883e+01, 1.800000e+02
1.560120e+01, 1.800000e+02
1.580200e+01, 1.800000e+02
1.599130e+01, 1.800000e+02
1.616920e+01, 1.800000e+02
1.633579e+01, 1.800000e+02
1.649118e+01, 1.800000e+02
1.663546e+01, 1.800000e+02
1.676874e+01, 1.800000e+02
1.689115e+01, 1.800000e+02
1.700279e+01, 1.800000e+02
1.710380e+01, 1.800000e+02
1.719429e+01, 1.800000e+02
1.727440e+01, 1.800000e+02
1.734428e+01, 1.800000e+02
1.740405e+01, 1.800000e+02
1.745386e+01, 1.800000e+02
1.749387e+01, 1.800000e+02
1.752422e+01, 1.800000e+02
1.754507e+01, 1.800000e+02
1.755658e+01, 1.800000e+02
1.755891e+01, 1.800000e+02
1.755223e+01, 1.800000e+02
1.753669e+01, 1.800000e+02
1.751247e+01, 1.800000e+02
1.747975e+01, 1.800000e+02
1.743869e+01, 1.800000e+02
1.738945e+01, 1.800000e+02
1.733222e+01, 1.800000e+02
1.726717e+01, 1.800000e+02
1.719447e+01, 1.800000e+02
1.711429e+01, 1.800000e+02
1.702680e+01, 1.800000e+02
1.693217e+01, 1.800000e+02
1.683058e+01, 1.800000e+02
1.672219e+01, 1.800000e+02
1.660715e+01, 1.800000e+02
1.648565e+01, 1.800000e+02
1.635785e+01, 1.800000e+02
1.622389e+01, 1.800000e+02
1.608394e+01, 1.800000e+02
1.593815e+01, 1.800000e+02
1.578668e+01, 1.800000e+02
1.562969e+01, 1.800000e+02
1.546731e+01, 1.800000e+02
1.529969e+01, 1.800000e+02
1.512699e+01, 1.800000e+02
1.494934e+01, 1.800000e+02
1.476688e+01, 1.800000e+02
1.457976e+01, 1.800000e+02
1.438812e+01, 1.800000e+02
1.419209e+01, 1.800000e+02
1.399181e+01, 1.800000e+02
1.378743e+01, 1.800000e+02
1.357906e+01, 1.800000e+02
1.336686e+01, 1.800000e+02
1.315096e+01, 1.800000e+02
1.293150e+01, 1.800000e+02
1.270861e+01, 1.800000e+02
1.248244e+01, 1.800000e+02
1.225312e+01, 1.800000e+02
1.202080e+01, 1.800000e+02
1.178562e+01, 1.800000e+02
1.154771e+01, 1.800000e+02
1.130723e+01, 1.800000e+02
1.106433e+01, 1.800000e+02
1.081915e+01, 1.800000e+02
1.057184e+01, 1.800000e+02
1.032254e+01, 1.800000e+02
1.007143e+01, 1.800000e+02
9.818636e+00, 1.800000e+02
9.564326e+00, 1.800000e+02
9.308652e+00, 1.800000e+02
9.051770e+00, 1.800000e+02
8.793836e+00, 1.800000e+02
8.535005e+00, 1.800000e+02
8.275434e+00, 1.800000e+02
8.015280e+00, 1.800000e+02
7.754697e+00, 1.800000e+02
7.493839e+00, 1.800000e+02
7.232861e+00, 1.800000e+02
6.971912e+00, 1.800000e+02
6.711144e+00, 1.800000e+02
6.450705e+00, 1.800000e+02
6.190742e+00, 1.800000e+02
5.931398e+00, 1.800000e+02
5.672815e+00, 1.800000e+02
5.415132e+00, 1.800000e+02
5.158485e+00, 1.800000e+02
4.903010e+00, 1.800000e+02
4.648838e+00, 1.800000e+02
4.396099e+00, 1.800000e+02
4.144919e+00, 1.800000e+02
3.895426e+00, 1.800000e+02
3.647745e+00, 1.800000e+02
3.401998e+00, 1.800000e+02
3.158311e+00, 1.800000e+02
2.916810e+00, 1.800000e+02
2.677622e+00, 1.800000e+02
2.440879e+00, 1.800000e+02
2.206721e+00, 1.800000e+02
1.975296e+00, 1.800000e+02
1.746766e+00, 1.800000e+02
1.521315e+00, 1.800000e+02
1.299155e+00, 1.800000e+02
1.080545e+00, 1.800000e+02
8.658194e-01, 1.800000e+02
6.554377e-01, 1.800000e+02
4.501068e-01, 1.800000e+02
2.511189e-01, 1.800000e+02
6.198711e-02, 1.800000e+02
1.123815e-01, 0.000000e+00
3.004659e-01, 0.000000e+00
4.926837e-01, 0.000000e+00
6.864591e-01, 0.000000e+00
8.806553e-01, 0.000000e+00
1.074600e+00, 0.000000e+00
1.267833e+00, 0.000000e+00
1.460010e+00, 0.000000e+00
1.650859e+00, 0.000000e+00
1.840151e+00, 0.000000e+00
2.027692e+00, 0.000000e+00
2.213306e+00, 0.000000e+00
2.396839e+00, 0.000000e+00
2.578147e+00, 0.000000e+00
2.757097e+00, 0.000000e+00
2.933564e+00, 0.000000e+00
3.107430e+00, 0.000000e+00
3.278585e+00, 0.000000e+00
3.446921e+00, 0.000000e+00
3.612339e+00, 0.000000e+00
3.774741e+00, 0.000000e+00
3.934037e+00, 0.000000e+00
4.090138e+00, 0.000000e+00
4.242963e+00, 0.000000e+00
4.392433e+00, 0.000000e+00
4.538475e+00, 0.000000e+00
4.681020e+00, 0.000000e+00
4.820004e+00, 0.000000e+00
4.955369e+00, 0.000000e+00
5.087060e+00, 0.000000e+00
5.215030e+00, 0.000000e+00
5.339235e+00, 0.000000e+00
5.459636e+00, 0.000000e+00
5.576201e+00, 0.000000e+00
5.688903e+00, 0.000000e+00
5.797719e+00, 0.000000e+00
5.902633e+00, 0.000000e+00
6.003632e+00, 0.000000e+00
6.100710e+00, 0.000000e+00
6.193863e+00, 0.000000e+00
6.283096e+00, 0.000000e+00
6.368413e+00, 0.000000e+00
6.449827e+00, 0.000000e+00
6.527349e+00, 0.000000e+00
6.600998e+00, 0.000000e+00
6.670795e+00, 0.000000e+00
6.736763e+00, 0.000000e+00
6.798927e+00, 0.000000e+00
6.857315e+00, 0.000000e+00
6.911955e+00, 0.000000e+00
6.962877e+00, 0.000000e+00
7.010112e+00, 0.000000e+00
7.053690e+00, 0.000000e+00
7.093644e+00, 0.000000e+00
7.130004e+00, 0.000000e+00
7.162800e+00, 0.000000e+00
7.192063e+00, 0.000000e+00
7.217821e+00, 0.000000e+00
7.240100e+00, 0.000000e+00
7.258929e+00, 0.000000e+00
7.274331e+00, 0.000000e+00
7.286330e+00, 0.000000e+00
7.294948e+00, 0.000000e+00
7.300205e+00, 0.000000e+00
7.302120e+00, 0.000000e+00
7.300713e+00, 0.000000e+00
7.296000e+00, 0.000000e+00
7.287995e+00, 0.000000e+00
7.276718e+00, 0.000000e+00
7.262180e+00, 0.000000e+00
7.244399e+00, 0.000000e+00
7.223389e+00, 0.000000e+00
7.199167e+00, 0.000000e+00
7.171751e+00, 0.000000e+00
7.141160e+00, 0.000000e+00
7.107413e+00, 0.000000e+00
7.070533e+00, 0.000000e+00
7.030546e+00, 0.000000e+00
6.987479e+00, 0.000000e+00
6.941364e+00, 0.000000e+00
6.892235e+00, 0.000000e+00
6.840131e+00, 0.000000e+00
6.785095e+00, 0.000000e+00
6.727172e+00, 0.000000e+00
6.666414e+00, 0.000000e+00
6.602878e+00, 0.000000e+00
6.536622e+00, 0.000000e+00
6.467710e+00, 0.000000e+00
6.396213e+00, 0.000000e+00
6.322204e+00, 0.000000e+00
6.245759e+00, 0.000000e+00
6.166963e+00, 0.000000e+00
6.085900e+00, 0.000000e+00
6.002659e+00, 0.000000e+00
5.917334e+00, 0.000000e+00
5.830018e+00, 0.000000e+00
5.740812e+00, 0.000000e+00
5.649813e+00, 0.000000e+00
5.557124e+00, 0.000000e+00
5.462848e+00, 0.000000e+00
5.367087e+00, 0.000000e+00
5.269946e+00, 0.000000e+00
5.171525e+00, 0.000000e+00
5.071929e+00, 0.000000e+00
4.971256e+00, 0.000000e+00
4.869606e+00, 0.000000e+00
4.767075e+00, 0.000000e+00
4.663756e+00, 0.000000e+00
4.559741e+00, 0.000000e+00
4.455115e+00, 0.000000e+00
4.349963e+00, 0.000000e+00
4.244363e+00, 0.000000e+00
4.138391e+00, 0.000000e+00
4.032119e+00, 0.000000e+00
3.925611e+00, 0.000000e+00
3.818931e+00, 0.000000e+00
3.712135e+00, 0.000000e+00
3.605278e+00, 0.000000e+00
3.498410e+00, 0.000000e+00
3.391575e+00, 0.000000e+00
3.284816e+00, 0.000000e+00
3.178170e+00, 0.000000e+00
3.071675e+00, 0.000000e+00
2.965362e+00, 0.000000e+00
2.859264e+00, 0.000000e+00
2.753409e+00, 0.000000e+00
2.647825e+00, 0.000000e+00
2.542540e+00, 0.000000e+00
2.437582e+00, 0.000000e+00
2.332977e+00, 0.000000e+00
2.228755e+00, 0.000000e+00
2.124945e+00, 0.000000e+00
2.021580e+00, 0.000000e+00
1.918692e+00, 0.000000e+00
1.816318e+00, 0.000000e+00
1.714499e+00, 0.000000e+00
1.613278e+00, 0.000000e+00
1.512702e+00, 0.000000e+00
1.412822e+00, 0.000000e+00
1.313695e+00, 0.000000e+00
1.215381e+00, 0.000000e+00
1.117948e+00, 0.000000e+00
1.021466e+00, 0.000000e+00
9.260136e-01, 0.000000e+00
8.316765e-01, 0.000000e+00
7.385476e-01, 0.000000e+00
6.467296e-01, 0.000000e+00
5.563377e-01, 0.000000e+00
4.675035e-01, 0.000000e+00
3.803836e-01, 0.000000e+00
2.951737e-01, 0.000000e+00
2.121412e-01, 0.000000e+00
1.317066e-01, 0.000000e+00
5.474245e-02, 0.000000e+00
1.482373e-02, 1.800000e+02
8.709534e-02, 1.800000e+02
1.615741e-01, 1.800000e+02
2.364457e-01, 1.800000e+02
3.110780e-01, 1.800000e+02
3.851203e-01, 1.800000e+02
4.583409e-01, 1.800000e+02
5.305728e-01, 1.800000e+02
6.016890e-01, 1.800000e+02
6.715916e-01, 1.800000e+02
7.402042e-01, 1.800000e+02
8.074682e-01, 1.800000e+02
8.733401e-01, 1.800000e+02
9.377899e-01, 1.800000e+02
1.000799e+00, 1.800000e+02
1.062361e+00, 1.800000e+02
1.122479e+00, 1.800000e+02
1.181165e+00, 1.800000e+02
1.238439e+00, 1.800000e+02
1.294332e+00, 1.800000e+02
1.348877e+00, 1.800000e+02
1.402118e+00, 1.800000e+02
1.454101e+00, 1.800000e+02
1.504878e+00, 1.800000e+02
1.554505e+00, 1.800000e+02
1.603040e+00, 1.800000e+02
1.650542e+00, 1.800000e+02
1.697073e+00, 1.800000e+02
1.742691e+00, 1.800000e+02
1.787457e+00, 1.800000e+02
1.831426e+00, 1.800000e+02
1.874654e+00, 1.800000e+02
1.917189e+00, 1.800000e+02
1.959076e+00, 1.800000e+02
2.000354e+00, 1.800000e+02
2.041055e+00, 1.800000e+02
2.081206e+00, 1.800000e+02
2.120823e+00, 1.800000e+02
2.159916e+00, 1.800000e+02
2.198486e+00, 1.800000e+02
2.236524e+00, 1.800000e+02
2.274014e+00, 1.800000e+02
2.310928e+00, 1.800000e+02
2.347231e+00, 1.800000e+02
2.382878e+00, 1.800000e+02
2.417818e+00, 1.800000e+02
2.451987e+00, 1.800000e+02
2.485318e+00, 1.800000e+02
2.517734e+00, 1.800000e+02
2.549153e+00, 1.800000e+02
2.579488e+00, 1.800000e+02
2.608648e+00, 1.800000e+02
2.636537e+00, 1.800000e+02
2.663059e+00, 1.800000e+02
2.688114e+00, 1.800000e+02
2.711608e+00, 1.800000e+02
2.733442e+00, 1.800000e+02
2.753525e+00, 1.800000e+02
2.771768e+00, 1.800000e+02
2.788089e+00, 1.800000e+02
2.802411e+00, 1.800000e+02
2.814667e+00, 1.800000e+02
2.824800e+00, 1.800000e+02
2.832761e+00, 1.800000e+02
2.838514e+00, 1.800000e+02
2.842037e+00, 1.800000e+02
2.843320e+00, 1.800000e+02
2.842367e+00, 1.800000e+02
2.839197e+00, 1.800000e+02
2.833845e+00, 1.800000e+02
2.826361e+00, 1.800000e+02
2.816809e+00, 1.800000e+02
2.805272e+00, 1.800000e+02
2.791845e+00, 1.800000e+02
2.776639e+00, 1.800000e+02
2.759782e+00, 1.800000e+02
2.741412e+00, 1.800000e+02
2.721683e+00, 1.800000e+02
2.700759e+00, 1.800000e+02
2.678816e+00, 1.800000e+02
2.656040e+00, 1.800000e+02
2.632623e+00, 1.800000e+02
2.608766e+00, 1.800000e+02
2.584675e+00, 1.800000e+02
2.560560e+00, 1.800000e+02
2.536630e+00, 1.800000e+02
2.513099e+00, 1.800000e+02
2.490175e+00, 1.800000e+02
2.468067e+00, 1.800000e+02
2.446975e+00, 1.800000e+02
2.427095e+00, 1.800000e+02
2.408614e+00, 1.800000e+02
2.391709e+00, 1.800000e+02
2.376546e+00, 1.800000e+02
2.363279e+00, 1.800000e+02
2.352046e+00, 1.800000e+02
2.342972e+00, 1.800000e+02
2.336164e+00, 1.800000e+02
2.331713e+00, 1.800000e+02
2.329693e+00, 1.800000e+02
##END= 
